2.000000000000000000e+00 7.809190493170805117e-04
3.000000000000000000e+00 6.890824406511514694e-06
4.000000000000000000e+00 2.074528848202735892e-06
5.000000000000000000e+00 8.843867381343257861e-07
6.000000000000000000e+00 3.235880094508011198e-06
7.000000000000000000e+00 1.908181275024269768e-06
8.000000000000000000e+00 2.923951324020425153e-07
9.000000000000000000e+00 3.611696930326590979e-07
1.000000000000000000e+01 1.104488416768821191e-06
1.100000000000000000e+01 8.806356245183842011e-07
1.200000000000000000e+01 2.468514436136739511e-07
1.300000000000000000e+01 3.098913057115669150e-07
1.400000000000000000e+01 1.728874988902976811e-07
1.500000000000000000e+01 4.686562822981168210e-07
1.600000000000000000e+01 1.323792451707116148e-07
1.700000000000000000e+01 1.741099054521705012e-07
1.800000000000000000e+01 2.082918025149316770e-07
1.900000000000000000e+01 2.041190438379072261e-07
2.000000000000000000e+01 1.228662703264575191e-07
2.100000000000000000e+01 3.679833924796815471e-07
2.200000000000000000e+01 9.281694118951912304e-08
2.300000000000000000e+01 1.150611622600000909e-07
2.400000000000000000e+01 1.720649251863959711e-07
2.500000000000000000e+01 9.602414078965858003e-08
2.600000000000000000e+01 8.394303587304787734e-08
2.700000000000000000e+01 1.511621919379586174e-07
2.800000000000000000e+01 1.509621594912032138e-07
2.900000000000000000e+01 8.538189661073789619e-08
3.000000000000000000e+01 1.043944911261777428e-07
3.100000000000000000e+01 1.131637127481578724e-07
3.200000000000000000e+01 8.483376397298178778e-08
3.300000000000000000e+01 5.886625572175937937e-08
3.400000000000000000e+01 5.890996207661748237e-08
3.500000000000000000e+01 7.812141250633947516e-08
3.600000000000000000e+01 6.338254668355970454e-08
3.700000000000000000e+01 5.695467389633521574e-08
3.800000000000000000e+01 6.454340121751428536e-08
3.900000000000000000e+01 5.212391129287116286e-08
4.000000000000000000e+01 5.879506913346169769e-08
4.100000000000000000e+01 5.207062049934506155e-08
4.200000000000000000e+01 5.029994475665583123e-08
4.300000000000000000e+01 4.510298092734690122e-08
4.400000000000000000e+01 5.628975399135851441e-08
4.500000000000000000e+01 4.339340771455238614e-08
4.600000000000000000e+01 4.283480075336236802e-08
4.700000000000000000e+01 4.342950178308394716e-08
4.800000000000000000e+01 3.748923551105771041e-08
4.900000000000000000e+01 3.903611676508492186e-08
5.000000000000000000e+01 3.839214571525925129e-08
5.100000000000000000e+01 5.692349847237010422e-08
5.200000000000000000e+01 4.225299165335840231e-08
5.300000000000000000e+01 4.078175920667566865e-08
5.400000000000000000e+01 3.110452122855838336e-08
5.500000000000000000e+01 5.573693969056021522e-08
5.600000000000000000e+01 3.242658255144931463e-08
5.700000000000000000e+01 4.583502955862141084e-08
5.800000000000000000e+01 3.061959724536166120e-08
5.900000000000000000e+01 4.609452548869091515e-08
6.000000000000000000e+01 2.169329459968394657e-08
6.100000000000000000e+01 2.431489036454737758e-08
6.200000000000000000e+01 2.420047026315223476e-08
6.300000000000000000e+01 2.532442256296835618e-08
6.400000000000000000e+01 2.541522121880043622e-08
6.500000000000000000e+01 2.073860554172154379e-08
6.600000000000000000e+01 1.736065288487765538e-08
6.700000000000000000e+01 2.293176886111116619e-08
6.800000000000000000e+01 1.876341932768688354e-08
6.900000000000000000e+01 2.361282444892960731e-08
7.000000000000000000e+01 2.089841171753001203e-08
7.100000000000000000e+01 1.738559990689820405e-08
7.200000000000000000e+01 2.326671912020236837e-08
7.300000000000000000e+01 1.888973081329655707e-08
7.400000000000000000e+01 1.731190304990506230e-08
7.500000000000000000e+01 1.579881446596096208e-08
7.600000000000000000e+01 2.117831232363910608e-08
7.700000000000000000e+01 1.625256164877981603e-08
7.800000000000000000e+01 1.463524464564080227e-08
7.900000000000000000e+01 1.452056263499833034e-08
8.000000000000000000e+01 1.299177407425805390e-08
8.100000000000000000e+01 1.256554194851063175e-08
8.200000000000000000e+01 1.284173569822645386e-08
8.300000000000000000e+01 1.217620184354397605e-08
8.400000000000000000e+01 1.105973637991533983e-08
8.500000000000000000e+01 1.553261184340619298e-08
8.600000000000000000e+01 8.823577669364551589e-09
8.700000000000000000e+01 1.407414937452914403e-08
8.800000000000000000e+01 9.179508800201134659e-09
8.900000000000000000e+01 1.479326228136045410e-08
9.000000000000000000e+01 1.099419575721668207e-08
9.100000000000000000e+01 1.951849749267171371e-08
9.200000000000000000e+01 2.649881724867271598e-08
9.300000000000000000e+01 8.161400363110727169e-09
9.400000000000000000e+01 7.995661736543791216e-09
9.500000000000000000e+01 1.152921400834546053e-08
9.600000000000000000e+01 2.112701788558839145e-08
9.700000000000000000e+01 1.241327060246252192e-08
9.800000000000000000e+01 7.608958202675858559e-09
9.900000000000000000e+01 6.954963901732951802e-09
1.000000000000000000e+02 1.153294706799081794e-08
